4.999999999999999774e-07
5.858585858585858235e-07
6.717171717171716697e-07
7.575757575757575158e-07
8.434343434343434678e-07
9.292929292929292081e-07
1.015151515151515160e-06
1.101010101010101112e-06
1.186868686868686852e-06
1.272727272727272593e-06
1.358585858585858545e-06
1.444444444444444497e-06
1.530303030303030449e-06
1.616161616161615977e-06
1.702020202020201929e-06
1.787878787878787881e-06
1.873737373737373833e-06
1.959595959595959785e-06
2.045454545454545314e-06
2.131313131313131266e-06
2.217171717171717218e-06
2.303030303030303170e-06
2.388888888888888698e-06
2.474747474747474650e-06
2.560606060606060602e-06
2.646464646464646555e-06
2.732323232323232083e-06
2.818181818181818035e-06
2.904040404040403987e-06
2.989898989898989939e-06
3.075757575757575468e-06
3.161616161616161420e-06
3.247474747474747372e-06
3.333333333333333324e-06
3.419191919191919276e-06
3.505050505050504804e-06
3.590909090909090756e-06
3.676767676767676708e-06
3.762626262626262660e-06
3.848484848484848189e-06
3.934343434343434141e-06
4.020202020202020093e-06
4.106060606060606045e-06
4.191919191919191997e-06
4.277777777777777949e-06
4.363636363636363901e-06
4.449494949494949853e-06
4.535353535353535805e-06
4.621212121212121757e-06
4.707070707070707709e-06
4.792929292929293661e-06
4.878787878787878766e-06
4.964646464646464718e-06
5.050505050505050670e-06
5.136363636363636622e-06
5.222222222222222574e-06
5.308080808080808526e-06
5.393939393939394478e-06
5.479797979797980430e-06
5.565656565656566382e-06
5.651515151515151487e-06
5.737373737373737439e-06
5.823232323232323391e-06
5.909090909090909343e-06
5.994949494949495295e-06
6.080808080808081247e-06
6.166666666666667199e-06
6.252525252525253151e-06
6.338383838383839103e-06
6.424242424242424208e-06
6.510101010101010160e-06
6.595959595959596112e-06
6.681818181818182064e-06
6.767676767676768016e-06
6.853535353535353969e-06
6.939393939393939921e-06
7.025252525252525873e-06
7.111111111111111825e-06
7.196969696969696930e-06
7.282828282828282882e-06
7.368686868686868834e-06
7.454545454545454786e-06
7.540404040404040738e-06
7.626262626262626690e-06
7.712121212121211795e-06
7.797979797979798594e-06
7.883838383838383699e-06
7.969696969696968804e-06
8.055555555555555603e-06
8.141414141414142402e-06
8.227272727272727507e-06
8.313131313131314306e-06
8.398989898989899411e-06
8.484848484848484516e-06
8.570707070707071315e-06
8.656565656565656420e-06
8.742424242424243219e-06
8.828282828282828324e-06
8.914141414141415123e-06
9.000000000000000228e-06
