1.001394470520474922e+00
1.001915467232351142e+00
1.002519507095705587e+00
1.003206873763523133e+00
1.003977887992632212e+00
1.004832907302003475e+00
1.005772325635366560e+00
1.006796573023799546e+00
1.007906115244216361e+00
1.009101453469945620e+00
1.010383123909904590e+00
1.011751697433219910e+00
1.013207779176500845e+00
1.014752008131363459e+00
1.016385056710220836e+00
1.018107630288775489e+00
1.019920466724087316e+00
1.021824335847559606e+00
1.023820038932613086e+00
1.025908408137300665e+00
1.028090305922525038e+00
1.030366624446995116e+00
1.032738284940435181e+00
1.035206237056979006e+00
1.037771458211035336e+00
1.040434952898247944e+00
1.043197752004473067e+00
1.046060912105950980e+00
1.049025514764081457e+00
1.052092665818368245e+00
1.055263494681263792e+00
1.058539153638685004e+00
1.061920817160065367e+00
1.065409681221777483e+00
1.069006962647730541e+00
1.072713898470862404e+00
1.076531745319131872e+00
1.080461778829466368e+00
1.084505293092923539e+00
1.088663600134140763e+00
1.092938029427878543e+00
1.097329927455246379e+00
1.101840657301905724e+00
1.106471598300272419e+00
1.111224145717469636e+00
1.116099710490462416e+00
1.121099719009556406e+00
1.126225612951126553e+00
1.131478849160194144e+00
1.136860899583194140e+00
1.142373251251027844e+00
1.148017406312295652e+00
1.153794882116359943e+00
1.159707211345734068e+00
1.165755942197131301e+00
1.171942638610370180e+00
1.178268880544251385e+00
1.184736264298427599e+00
1.191346402880269162e+00
1.198100926415714085e+00
1.205001482603116569e+00
1.212049737209156985e+00
1.219247374605977319e+00
1.226596098348813779e+00
1.234097631793540595e+00
1.241753718753731306e+00
1.249566124197025729e+00
1.257536634980831458e+00
1.265667060627637452e+00
1.273959234140496166e+00
1.282415012859517089e+00
1.291036279360548100e+00
1.299824942397557415e+00
1.308782937890579312e+00
1.317912229961481385e+00
1.327214812020226065e+00
1.336692707904702848e+00
1.346347973077700155e+00
1.356182695885072897e+00
1.366198998879682991e+00
1.376399040216290892e+00
1.386785015123225939e+00
1.397359157457332746e+00
1.408123741349528224e+00
1.419081082949160688e+00
1.430233542276377445e+00
1.441583525192861481e+00
1.453133485502581035e+00
1.464885927195762605e+00
1.476843406850988583e+00
1.489008536212425238e+00
1.501383984961518481e+00
1.513972483705395167e+00
1.526776827207442011e+00
1.539799877889582280e+00
1.553044569640462447e+00
1.566513911969505068e+00
1.580210994553631565e+00
1.594138992231976637e+00
1.608301170514183420e+00
